-53
-96
-138
-178
-224
-261
-290
-315
-330
-341
-326
-311
-288
-263
-233
-202
-155
-110
-65
1
48
85
134
175
222
257
285
310
322
338
328
310
288
259
237
202
154
100
56
13
-46
-88
-133
-179
-218
-257
-281
-317
-322
-339
-325
-314
-293
-265
-240
-203
-156
-109
-54
-5
40
83
136
179
225
254
281
302
331
334
329
302
294
267
233
199
158
99
57
8
-47
-89
-137
-174
-218
-250
-280
-308
-326
-334
-328
-309
-289
-261
-238
-197
-160
-106
-67
-2
39
87
130
177
214
250
281
307
320
334
322
303
280
258
235
199
159
112
67
8
-41
-87
-133
-180
-222
-255
-277
-302
-325
-338
-331
-311
-288
-258
-234
-201
-156
-109
-71
-10
43
87
134
174
223
251
276
305
319
337
328
305
286
263
231
208
168
107
62
14
-42
-81
-123
-158
-208
-250
-281
-298
-317
-332
-326
-312
-289
-263
-241
-217
-169
-124
-81
-29
30
72
116
159
201
238
278
290
318
330
332
312
291
270
239
214
172
113
66
28
-27
-69
-110
-159
-206
-238
-273
-297
-316
-327
-331
-313
-290
-268
-242
-211
-171
-120
-64
-29
23
68
116
158
199
240
274
301
318
337
332
311
295
272
236
212
167
113
68
31
-29
-72
-114
-166
-212
-249
-277
-304
-324
-337
-331
-315
-292
-264
-239
-203
-160
-109
-63
-11
27
79
130
173
215
255
282
312
327
340
327
315
287
262
237
199
160
98
43
11
-41
-89
-142
-183
-228
-256
-294
-315
-326
-340
-326
-302
-277
-253
-223
-186
-149
-96
-43
-15
46
104
152
197
223
268
288
310
330
337
318
292
274
248
213
187
131
76
31
11
-53
-111
-154
-198
-236
-267
-295
-311
-322
-337
-309
-292
-271
-245
-213
-180
-129
-83
-33
-6
48
110
152
198
229
264
289
307
326
324
309
289
270
245
211
173
130
75
30
12
-45
-103
-145
-191
-234
-263
-288
-308
-318
-327
-308
-284
-265
-245
-217
-186
-133
-81
-36
-5
43
95
144
186
226
252
283
299
316
322
308
288
261
244
211
178
135
81
26
18
-35
-91
-139
-178
-221
-248
-273
-295
-303
-319
-300
-282
-260
-237
-211
-184
-132
-87
-42
-12
25
91
137
171
213
246
267
297
306
317
302
281
259
239
207
181
140
100
45
20
-25
-75
-123
-171
-203
-238
-261
-282
-298
-310
-299
-276
-254
-235
-213
-183
-135
-88
-50
-10
23
75
121
165
194
238
260
280
290
305
293
269
258
237
211
178
139
89
50
15
-26
-70
-124
-154
-197
-223
-260
-274
-284
-290
-295
-269
-242
-227
-199
-176
-133
-84
-59
-13
28
68
121
154
200
225
256
274
284
298
285
269
249
225
201
170
139
91
57
16
-26
-72
-114
-154
-187
-219
-242
-263
-275
-287
-272
-254
-236
-215
-187
-159
-125
-87
-48
-7
30
73
120
161
189
221
245
259
271
282
268
258
231
212
181
156
125
90
48
2
-34
-73
-110
-155
-182
-218
-239
-250
-261
-274
-260
-248
-222
-206
-183
-151
-122
-84
-38
4
39
74
118
155
188
209
238
261
262
274
257
236
219
203
177
154
123
80
38
-6
-51
-73
-111
-151
-183
-207
-231
-247
-257
-267
-254
-231
-219
-191
-171
-153
-124
-77
-36
5
37
82
113
148
177
209
232
248
257
269
245
233
218
192
171
154
126
74
32
-10
-42
-76
-107
-143
-172
-203
-223
-237
-255
-261
-248
-226
-214
-191
-169
-150
-118
-79
-31
7
43
77
116
145
179
202
230
244
257
258
245
223
213
187
174
150
119
74
25
-16
-47
-74
-118
-147
-179
-196
-222
-236
-256
-258
-241
-223
-207
-190
-170
-147
-110
-62
-23
8
50
78
117
153
182
212
227
245
255
262
241
223
202
187
169
153
124
76
26
-15
-39
-79
-110
-145
-175
-203
-218
-239
-253
-263
-242
-223
-206
-185
-166
-148
-115
-66
-32
9
48
82
120
147
180
201
222
239
252
265
251
231
209
197
169
163
126
80
40
8
-39
-68
-101
-135
-163
-191
-214
-237
-247
-259
-251
-235
-212
-199
-175
-162
-137
-94
-53
-12
27
61
89
126
159
188
218
232
245
261
262
232
217
205
178
161
141
103
59
22
-23
-56
-92
-118
-158
-180
-207
-219
-241
-253
-254
-244
-221
-201
-182
-166
-140
-107
-66
-27
16
50
83
116
148
182
206
225
238
257
257
237
229
209
189
168
148
108
57
19
-23
-58
-89
-123
-152
-181
-204
-229
-238
-250
-255
-236
-216
-201
-187
-164
-142
-101
-48
-7
22
66
94
132
165
193
214
240
249
261
252
242
220
193
178
168
135
89
50
1
-29
-62
-96
-133
-165
-192
-218
-231
-250
-263
-246
-229
-211
-194
-174
-152
-126
-78
-42
5
46
77
109
140
172
197
229
244
256
258
246
228
204
191
177
150
117
66
25
-14
-55
-89
-114
-143
-178
-203
-221
-236
-251
-255
-239
-218
-203
-179
-170
-150
-107
-60
-23
15
52
86
120
153
183
211
233
249
261
258
237
218
209
189
172
145
104
60
25
-15
-58
-95
-127
-155
-184
-209
-230
-246
-251
-254
-236
-218
-199
-179
-164
-135
-97
-53
-18
25
66
97
128
158
189
215
236
249
258
257
242
218
201
179
169
141
103
50
18
-15
-52
-90
-127
-155
-181
-206
-230
-242
-251
-250
-237
-214
-200
-186
-168
-141
-103
-64
-19
19
51
81
120
153
182
205
229
246
256
261
251
229
206
193
171
149
118
76
27
-6
-39
-74
-104
-146
-162
-195
-221
-236
-247
-262
-243
-225
-211
-191
-175
-159
-127
-78
-45
-1
35
66
105
145
166
193
223
240
248
255
251
241
222
193
181
169
138
96
56
19
-19
-56
-92
-127
-156
-181
-206
-223
-242
-257
-255
-236
-217
-200
-183
-164
-141
-96
-56
-15
24
62
86
120
158
185
210
230
242
255
256
245
230
209
183
169
152
110
67
15
-20
-50
-81
-119
-153
-183
-206
-223
-239
-255
-255
-236
-215
-203
-176
-166
-147
-98
-57
-22
19
60
78
121
159
180
206
230
242
258
261
241
217
209
183
167
146
111
57
20
-20
-51
-81
-119
-155
-178
-204
-227
-239
-251
-257
-235
-215
-199
-177
-161
-142
-97
-56
-13
19
57
86
130
154
194
215
233
252
255
257
236
219
205
188
158
138
97
49
9
-30
-62
-93
-123
-159
-191
-217
-232
-243
-253
-245
-234
-215
-192
-174
-158
-127
-82
-47
6
38
67
111
136
170
201
222
241
252
260
253
230
213
196
173
162
129
73
29
-2
-45
-75
-117
-151
-172
-199
-218
-244
-244
-261
-241
-221
-201
-188
-167
-144
-113
-68
-30
21
53
85
114
145
185
201
229
249
258
258
244
224
203
189
171
145
105
62
16
-28
-59
-80
-121
-148
-182
-204
-231
-239
-249
-252
-233
-222
-208
-184
-166
-150
-107
-59
-14
20
57
90
121
148
178
209
225
242
256
265
247
225
202
185
170
153
102
67
17
-12
-56
-80
-119
-151
-177
-199
-224
-239
-252
-258
-235
-226
-203
-188
-174
-150
-111
-72
-31
14
57
81
115
146
178
209
226
239
257
264
249
233
206
194
178
158
120
75
33
-2
-47
-67
-107
-141
-167
-199
-218
-228
-247
-255
-244
-230
-210
-194
-172
-158
-123
-78
-45
6
41
66
105
130
167
193
213
232
255
262
252
239
211
197
185
162
134
96
50
8
-26
-57
-90
-126
-151
-191
-214
-226
-243
-258
-251
-232
-216
-195
-182
-160
-138
-98
-55
-16
28
57
92
124
154
197
212
232
245
259
257
237
220
197
185
173
140
100
60
8
-20
-59
-95
-126
-156
-188
-208
-229
-245
-256
-250
-226
-217
-204
-176
-163
-133
-94
-54
-11
29
60
97
125
164
193
220
242
245
264
258
233
222
195
180
163
132
86
43
9
-29
-59
-94
-130
-170
-194
-219
-235
-242
-259
-251
-228
-209
-192
-176
-155
-120
-84
-35
5
33
74
113
132
173
198
218
232
252
258
249
229
214
189
176
153
117
75
27
-14
-47
-80
-112
-139
-170
-197
-216
-234
-247
-256
-238
-224
-208
-189
-169
-151
-118
-68
-25
12
46
81
116
144
181
208
232
241
253
263
243
231
204
190
167
148
116
72
23
-11
-49
-76
-117
-154
-179
-198
-223
-239
-255
-255
-234
-220
-204
-183
-161
-147
-105
-55
-13
17
59
89
126
161
192
209
233
251
252
260
242
220
201
192
172
141
98
63
17
-23
-53
-87
-119
-152
-187
-208
-226
-245
-255
-256
-235
-218
-204
-186
-165
-143
-108
-68
-25
13
58
81
117
150
184
206
231
241
257
259
242
220
204
197
168
154
129
74
40
-2
-44
-66
-102
-142
-168
-200
-214
-230
-243
-261
-247
-236
-215
-191
-171
-158
-125
-88
-43
1
34
63
94
132
168
189
216
230
249
253
257
237
222
201
182
166
142
102
65
17
-18
-52
-85
-119
-150
-183
-207
-224
-240
-254
-255
-236
-216
-199
-182
-170
-142
-103
-65
-22
16
49
83
115
151
183
212
227
242
253
252
240
220
202
188
170
152
105
69
17
-23
-49
-82
-116
-150
-183
-211
-222
-237
-251
-251
-234
-220
-204
-181
-162
-140
-103
-59
-16
25
56
91
126
164
189
210
225
239
253
254
238
218
195
174
161
142
102
57
9
-31
-61
-101
-127
-162
-191
-211
-229
-243
-251
-247
-228
-209
-187
-175
-158
-123
-91
-35
-5
39
75
109
138
171
202
225
233
252
252
246
230
213
193
177
159
125
73
34
-7
-47
-79
-114
-143
-174
-199
-223
-233
-247
-252
-242
-222
-203
-183
-162
-153
-112
-63
-23
16
56
83
121
154
177
209
230
242
256
250
241
213
202
189
164
150
114
58
17
-20
-50
-90
-120
-153
-181
-203
-226
-245
-255
-247
-236
-218
-203
-182
-173
-140
-106
-59
-20
17
60
84
122
156
188
214
234
249
258
257
237
229
201
186
169
141
105
52
11
-21
-55
-90
-119
-151
-183
-211
-228
-240
-254
-247
-226
-217
-204
-183
-165
-135
-95
-60
-13
25
56
88
117
155
186
214
230
245
254
257
244
222
204
185
163
142
103
65
18
-20
-55
-87
-115
-148
-181
-200
-222
-236
-251
-256
-244
-222
-202
-187
-167
-151
-111
-79
-31
6
55
69
114
140
173
197
214
236
252
257
246
233
212
197
180
161
137
94
49
9
-24
-63
-89
-132
-159
-186
-210
-226
-245
-250
-254
-236
-213
-200
-176
-164
-145
-107
-61
-15
16
51
89
117
148
183
214
232
242
252
265
244
225
209
188
173
150
112
73
29
-15
-48
-82
-112
-149
-174
-200
-222
-234
-251
-257
-237
-225
-204
-185
-170
-154
-119
-79
-32
10
50
76
113
144
169
204
233
233
252
258
241
220
203
192
166
153
110
60
24
-22
-51
-80
-119
-152
-180
-204
-225
-240
-245
-255
-232
-216
-198
-180
-160
-140
-102
-56
-12
26
57
91
126
164
194
214
230
243
257
252
235
220
198
178
163
129
87
43
9
-40
-67
-100
-138
-166
-190
-218
-239
-248
-258
-242
-223
-205
-190
-171
-147
-120
-74
-27
7
49
81
114
152
187
209
232
243
254
262
243
229
201
189
164
149
112
66
17
-15
-58
-91
-123
-150
-183
-209
-219
-242
-247
-252
-235
-215
-199
-177
-167
-143
-95
-59
-10
28
62
90
123
154
185
220
233
249
257
257
238
213
194
177
162
146
93
53
6
-22
-59
-97
-131
-155
-186
-207
-223
-245
-257
-247
-226
-217
-194
-172
-163
-139
-91
-58
-3
28
59
86
122
155
189
214
225
242
248
257
244
228
207
179
166
139
104
68
26
-19
-48
-79
-111
-143
-169
-199
-221
-239
-242
-255
-238
-225
-198
-187
-167
-151
-122
-75
-39
6
37
69
102
137
167
201
219
235
249
259
251
236
210
191
176
158
129
92
45
10
-26
-71
-93
-127
-162
-184
-206
-231
-235
-256
-250
-231
-207
-196
-180
-159
-140
-99
-55
-14
28
59
89
123
163
185
212
230
238
252
254
237
218
204
184
173
147
105
64
22
-22
-58
-90
-118
-155
-182
-198
-231
-237
-247
-259
-238
-215
-200
-184
-164
-146
-107
-61
-19
22
52
88
125
161
190
209
229
245
248
258
245
220
206
188
163
140
102
60
18
-24
-55
-87
-120
-154
-186
-206
-227
-241
-255
-247
-232
-214
-198
-180
-152
-131
-94
-50
-10
30
61
101
129
164
195
218
231
254
257
249
233
215
193
177
153
130
82
36
-4
-39
-75
-106
-141
-174
-199
-218
-230
-242
-255
-239
-225
-206
-193
-164
-156
-108
-75
-28
6
49
82
114
153
182
203
218
241
251
252
242
222
209
187
167
143
109
63
25
-19
-55
-84
-114
-150
-179
-199
-220
-244
-249
-253
-234
-219
-192
-183
-159
-142
-102
-65
-18
15
62
89
125
158
185
209
233
243
261
250
234
217
202
180
165
137
105
58
14
-24
-49
-82
-121
-144
-183
-206
-222
-245
-252
-250
-235
-217
-205
-178
-166
-140
-106
-60
-21
20
53
82
118
150
187
214
224
246
257
257
240
219
213
186
161
151
113
68
25
-19
-51
-86
-122
-146
-178
-204
-219
-235
-245
-258
-237
-219
-202
-183
-162
-143
-101
-63
-21
21
49
78
122
153
182
205
229
240
245
251
244
228
201
182
171
153
110
74
28
-12
-41
-71
-108
-138
-173
-197
-217
-233
-244
-254
-235
-225
-206
-187
-171
-158
-113
-75
-38
7
42
67
103
139
174
204
217
232
245
258
245
226
219
191
178
164
132
93
49
10
-35
-58
-98
-124
-151
-189
-207
-223
-243
-247
-251
-232
-216
-202
-183
-160
-144
-103
-62
-23
20
49
86
122
158
174
205
225
241
251
254
242
229
202
181
164
159
117
66
22
-18
-44
-79
-117
-148
-171
-198
-219
-235
-243
-253
-238
-221
-207
-188
-168
-147
-114
-64
-30
12
52
83
116
153
176
209
231
233
243
258
243
216
208
187
159
146
108
61
19
-13
-60
-91
-122
-155
-186
-199
-223
-242
-246
-247
-234
-214
-195
-176
-160
-137
-100
-54
-3
28
58
97
137
155
199
222
233
250
258
241
225
217
189
169
161
123
75
40
1
-44
-67
-98
-138
-166
-194
-223
-233
-245
-250
-237
-216
-202
-186
-162
-146
-114
-67
-23
8
41
82
118
145
179
198
217
240
252
257
236
217
202
185
161
140
106
56
17
-23
-57
-91
-122
-155
-181
-209
-221
-241
-253
-250
-233
-221
-191
-183
-169
-140
-99
-53
-8
23
57
88
117
161
186
213
229
241
254
254
236
221
197
179
158
134
98
60
21
-20
-58
-84
-127
-151
-184
-207
-223
-239
-251
-248
-224
-211
-194
-175
-157
-134
-99
-55
-9
33
60
97
121
153
182
214
228
245
257
254
235
215
201
188
165
138
100
66
20
-21
-43
-79
-116
-149
-180
-199
-221
-231
-244
-252
-239
-221
-199
-183
-165
-148
-112
-76
-26
13
36
74
103
138
169
201
218
238
243
252
246
229
216
200
179
154
126
97
48
11
-26
-58
-95
-123
-162
-189
-207
-231
-244
-247
-243
-233
-213
-199
-181
-158
-142
-97
-60
-17
22
52
89
123
149
179
206
228
241
251
249
234
217
201
185
161
149
112
70
20
-20
-44
-77
-117
-143
-170
-205
-220
-230
-251
-255
-232
-219
-204
-183
-157
-141
-105
-55
-26
16
50
87
113
157
180
208
226
235
247
254
240
218
202
175
156
146
99
54
19
-18
-59
-86
-122
-162
-176
-205
-222
-242
-245
-251
-239
-210
-199
-175
-156
-129
-85
-46
-7
34
59
97
132
165
190
210
225
248
252
246
231
209
185
175
156
130
81
38
-7
-45
-67
-104
-135
-166
-196
-215
-231
-241
-247
-234
-218
-206
-186
-164
-151
-107
-66
-26
20
56
81
120
153
185
201
225
238
248
257
236
217
201
186
161
141
102
62
21
-13
-59
-79
-119
-148
-181
-204
-219
-235
-249
-249
-228
-208
-194
-182
-154
-139
-101
-55
-12
22
53
89
117
153
182
209
226
239
246
251
230
218
190
185
164
133
101
53
15
-23
-55
-87
-119
-152
-182
-206
-222
-231
-246
-251
-227
-215
-194
-178
-167
-142
-106
-58
-18
18
57
85
114
153
185
205
222
242
251
248
241
218
202
181
165
141
105
60
19
-8
-48
-81
-116
-144
-178
-196
-223
-236
-238
-249
-235
-216
-200
-187
-156
-143
-106
-67
-20
18
50
81
116
149
178
195
219
236
248
252
236
219
202
187
161
150
117
73
31
-15
-47
-79
-103
-137
-170
-185
-207
-231
-239
-251
-236
-223
-203
-187
-168
-150
-125
-81
-36
-5
37
65
98
133
169
181
209
223
245
254
245
228
209
193
177
156
134
98
55
12
-27
-59
-82
-127
-143
-175
-202
-221
-231
-239
-251
-228
-215
-195
-175
-160
-140
-107
-63
-19
20
47
90
113
151
175
201
219
234
253
252
233
216
193
192
161
144
108
70
29
-11
-51
-82
-116
-143
-175
-199
-215
-229
-238
-247
-230
-207
-198
-181
-165
-140
-99
-62
-27
10
51
85
116
153
169
205
220
237
251
257
226
212
201
179
155
141
100
60
12
-23
-57
-88
-130
-155
-182
-204
-227
-236
-247
-243
-225
-206
-188
-175
-147
-129
-84
-43
-7
35
65
93
126
165
197
204
230
244
253
244
225
206
187
169
153
117
76
35
-3
-41
-82
-110
-138
-172
-197
-211
-224
-237
-250
-230
-213
-199
-174
-158
-138
-100
-64
-29
14
49
88
117
149
174
204
224
241
245
249
238
218
192
175
159
145
100
52
14
-23
-55
-91
-123
-157
-176
-198
-225
-228
-243
-244
-229
-207
-193
-177
-160
-128
-95
-58
-18
22
62
89
122
150
185
201
227
240
249
254
230
209
192
173
157
136
97
63
13
-14
-52
-87
-122
-151
-180
-197
-221
-230
-242
-240
-230
-206
-194
-179
-152
-140
-100
-58
-18
22
56
86
115
149
185
202
220
241
249
249
237
216
195
187
164
146
112
70
28
-3
-37
-79
-107
-139
-168
-186
-208
-231
-239
-245
-236
-215
-205
-187
-159
-148
-112
-77
-38
3
30
67
97
138
161
188
204
228
235
245
244
225
210
193
174
160
130
88
52
4
-31
-59
-92
-120
-151
-183
-201
-216
-232
-243
-247
-223
-209
-190
-173
-157
-130
-97
-59
-14
28
54
89
122
149
177
202
219
235
244
248
233
214
195
178
161
135
95
62
12
-18
-59
-91
-114
-144
-175
-199
-216
-230
-240
-235
-220
-209
-191
-163
-154
-130
-99
-52
-7
28
51
89
121
154
181
203
212
232
242
242
226
206
193
176
156
130
94
52
8
-23
-61
-92
-121
-153
-178
-199
-223
-233
-244
-242
-222
-200
-190
-162
-144
-123
-87
-42
-2
35
66
101
132
169
186
210
226
237
249
241
224
203
185
165
145
116
75
28
-7
-44
-68
-107
-138
-158
-187
-207
-227
-233
-243
-228
-219
-190
-175
-156
-143
-102
-60
-20
19
43
77
116
146
172
194
215
226
238
244
221
209
189
172
154
145
105
61
25
-22
-48
-79
-118
-143
-170
-196
-211
-234
-237
-239
-223
-207
-188
-167
-149
-135
-103
-58
-20
28
57
87
111
149
180
194
218
230
240
243
230
209
197
171
153
141
100
62
24
-15
-48
-82
-109
-143
-170
-190
-214
-225
-234
-234
-227
-208
-192
-178
-155
-140
-102
-56
-16
20
49
81
117
145
174
194
215
227
239
243
227
206
196
182
162
140
102
69
20
-8
-41
-80
-114
-135
-162
-189
-204
-226
-232
-234
-225
-207
-197
-183
-151
-142
-116
-67
-31
2
37
69
104
131
161
182
209
226
231
243
236
217
206
185
171
141
119
77
35
2
-31
-59
-90
-123
-155
-178
-199
-218
-226
-231
-232
-212
-199
-182
-159
-152
-126
-82
-46
-6
29
57
90
121
148
173
194
211
224
244
237
225
203
184
162
152
131
89
54
15
-28
-54
-82
-124
-142
-171
-195
-211
-229
-231
-238
-215
-193
-184
-165
-145
-125
-87
-50
-2
28
55
84
114
153
180
200
219
221
235
238
222
201
190
166
152
128
82
49
11
-31
-64
-87
-124
-149
-173
-193
-215
-228
-229
-225
-214
-190
-178
-165
-142
-121
-79
-43
-6
33
60
95
124
156
188
203
213
223
239
226
209
194
171
156
138
108
74
30
1
-44
-75
-104
-131
-151
-182
-204
-212
-225
-234
-218
-201
-189
-165
-148
-142
-109
-67
-21
11
41
70
106
135
161
179
209
221
228
235
222
205
190
174
149
133
96
59
21
-15
-50
-79
-103
-135
-163
-181
-205
-216
-227
-234
-215
-199
-178
-164
-148
-126
-101
-66
-22
15
51
81
108
139
174
178
209
223
232
237
222
206
177
164
153
131
94
54
17
-15
-43
-80
-110
-128
-159
-183
-196
-207
-223
-226
-214
-198
-172
-161
-144
-129
-90
-62
-23
13
42
73
106
128
162
191
198
213
227
231
217
199
182
162
144
137
100
65
21
-12
-37
-79
-97
-124
-153
-179
-190
-214
-218
-220
-215
-192
-181
-159
-143
-123
-94
-59
-17
20
49
74
106
126
150
177
196
210
225
233
215
196
190
173
145
129
102
66
30
-3
-39
-66
-99
-119
-147
-172
-187
-203
-215
-219
-203
-192
-180
-164
-147
-131
-107
-75
-39
8
30
63
92
115
139
161
185
203
211
222
217
199
181
161
146
134
113
84
35
10
-25
-55
-85
-110
-132
-157
-178
-192
-202
-214
-212
-196
-182
-165
-143
-127
-114
-77
-36
-2
37
56
81
108
134
160
180
197
206
214
217
201
179
172
154
137
114
77
38
5
-27
-52
-79
-107
-132
-156
-175
-192
-206
-209
-211
-194
-166
-160
-139
-133
-111
-78
-36
-7
29
56
85
113
137
155
176
194
201
209
203
197
176
165
140
131
105
73
33
-2
-31
-53
-83
-115
-133
-159
-175
-187
-201
-209
-191
-173
-165
-148
-133
-118
-95
-62
-23
7
34
67
93
123
147
161
178
185
200
206
196
174
160
149
130
126
95
59
20
-10
-35
-68
-86
-110
-139
-156
-171
-183
-193
-201
-181
-172
-151
-139
-119
-109
-84
-47
-15
12
47
66
92
120
142
162
173
182
193
201
180
166
149
131
120
107
76
43
13
-13
-40
-55
-83
-106
-130
-146
-165
-182
-184
-192
-170
-158
-139
-125
-110
-99
-76
-44
-12
12
37
66
85
106
123
143
156
175
179
182
169
157
134
120
107
98
71
40
11
-15
-37
-50
-75
-101
-108
-135
-143
-160
-165
-168
-151
-145
-129
-124
-101
-88
-71
-41
-14
12
27
60
77
92
108
130
138
158
161
166
147
134
133
116
103
91
66
39
21
-8
-27
-45
-62
-77
-98
-115
-126
-136
-146
-155
-140
-125
-116
-105
-89
-71
-58
-35
-12
10
36
43
65
89
99
115
124
130
146
153
132
127
116
102
90
83
54
39
18
-12
-24
-40
-54
-66
-90
-97
-109
-121
-127
-128
-117
-109
-100
-94
-75
-68
-52
-27
-8
8
16
39
48
67
82
93
104
124
129
135
128
110
102
91
82
64
50
29
18
-6
-19
-35
-37
-50
-64
-73
-96
-102
-105
-118
-116
-98
-95
-83
-78
-66
-50
-33
-22
-6
13
23
34
54
70
81
92
105
108
115
112
102
90
81
71
63
57
38
22
8
-5
-20
-24
-43
-51
-65
-74
-94
-98
-101
-99
-94
-89
-77
-68
-54
-50
-30
-22
-11
3
22
34
45
58
66
86
94
98
102
107
92
78
87
67
60
43
28
23
15
-6
-9
-24
-34
-50
-60
-66
-82
-85
-94
-89
-83
-81
-72
-62
-55
-36
-24
-22
-7
8
15
27
35
51
62
71
79
96
99
95
82
68
71
63
49
34
35
14
14
-2
-16
-26
-34
-44
-57
-74
-75
-79
-87
-83
-73
-66
-62
-54
-45
-33
-26
-20
-6
3
19
25
38
52
59
72
76
91
90
86
80
71
63
50
42
30
17
18
8
1
-17
-19
-37
-46
-51
-59
-70
-80
-85
-73
-62
-61
-52
-45
-35
-24
-12
-15
-7
-1
13
25
35
51
61
64
77
87
84
75
78
60
53
51
38
34
16
15
2
0
-14
-22
-30
-44
-50
-62
-71
-69
-72
-66
-62
-58
-48
-46
-39
-26
-12
-10
-9
-1
15
28
29
44
56
70
70
74
74
71
73
59
52
47
35
26
14
10
9
0
-12
-21
-22
-33
-46
-57
-67
-69
-68
-65
-59
-61
-54
-43
-35
-29
-13
-10
-8
4
16
15
32
38
41
51
67
74
82
76
65
58
62
51
39
36
21
20
15
14
-1
-10
-17
-28
-47
-52
-54
-57
-67
-65
-61
-46
-51
-41
-43
-36
-26
-14
-4
-10
-4
7
18
37
45
46
55
69
71
70
63
63
53
57
50
42
19
20
11
9
6
-5
-20
-24
-31
-38
-51
-52
-65
-70
-60
-54
-47
-46
-34
-37
-18
-15
-11
-6
-6
7
19
18
37
41
55
67
60
67
56
53
53
54
41
41
31
11
18
10
7
-1
-17
-17
-27
-49
-44
-54
-64
-61
-56
-57
-51
-42
-38
-36
-17
-13
-12
-14
0
5
18
29
33
43
61
52
61
68
63
53
47
43
40
34
26
19
18
6
6
-8
-12
-24
-35
-38
-51
-55
-62
-57
-56
-49
-39
-38
-35
-19
-22
-14
-9
-5
0
18
22
32
39
46
59
61
70
66
58
53
51
41
41
23
21
12
9
9
-1
-7
-15
-31
-33
-43
-50
-59
-62
-59
-47
-49
-40
-34
-31
-22
-11
-11
-10
1
-2
17
24
28
33
47
57
61
68
65
62
51
45
46
33
25
21
12
7
1
-4
-12
-18
-28
-33
-42
-45
-53
-63
-55
-53
-42
-43
-37
-30
-21
-18
-6
-7
-6
6
13
19
29
33
48
55
59
58
58
49
45
44
40
37
25
18
14
12
11
0
-13
-15
-22
-35
-42
-44
-52
-54
-55
-47
-49
-38
-40
-36
-23
-14
-7
-6
-4
1
5
14
30
43
45
46
53
54
61
57
49
50
50
37
24
21
12
11
11
3
-6
-13
-22
-33
-36
-42
-52
-59
-53
-54
-49
-41
-37
-35
-28
-21
-20
-10
-4
-1
4
20
20
37
41
49
55
62
62
49
53
41
41
40
28
25
12
9
9
8
-5
-6
-17
-20
-34
-36
-44
-53
-62
-45
-46
-42
-45
-39
-31
-19
-18
-18
-10
-3
-3
3
17
26
32
41
45
52
58
45
50
45
47
38
33
27
13
12
12
10
7
-7
-14
-23
-31
-39
-44
-53
-53
-46
-52
-47
-39
-30
-30
-27
-15
-19
-13
-11
1
5
11
22
35
45
45
62
60
61
48
45
39
42
35
24
17
14
13
12
6
-7
-19
-18
-34
-43
-56
-54
-46
-47
-45
-47
-32
-38
-24
-21
-13
-7
-8
-1
1
12
17
26
45
46
53
57
57
54
45
40
33
37
30
18
18
9
5
2
3
-12
-17
-25
-36
-38
-51
-53
-48
-49
-44
-40
-38
-31
-22
-20
-18
-7
-8
1
6
24
25
33
44
46
56
56
46
47
37
41
44
33
20
24
17
20
9
6
-5
-12
-25
-31
-38
-42
-53
-53
-44
-46
-45
-43
-31
-24
-24
-21
-8
-6
-10
4
15
12
29
33
47
45
51
53
49
45
49
35
38
38
24
17
9
14
9
5
-7
-10
-29
-28
-33
-47
-50
-55
-39
-44
-40
-37
-34
-25
-22
-15
-7
-4
-2
-3
15
17
25
33
44
44
53
57
58
51
45
46
32
34
21
22
6
9
9
9
5
-10
-23
-27
-36
-43
-50
-55
-44
-46
-46
-35
-35
-29
-26
-19
-14
-14
-18
2
8
13
22
29
40
41
41
51
47
61
48
49
41
33
25
22
14
14
9
7
4
-8
-18
-26
-31
-38
-43
-49
-49
-52
-45
-38
-33
-37
-24
-19
-12
-14
-11
-7
-4
11
17
25
29
34
49
48
50
53
46
37
36
33
29
22
18
5
7
6
2
-5
-11
-19
-29
-38
-39
-48
-46
-48
-45
-43
-42
-35
-31
-23
-15
-12
-8
-6
1
5
17
30
33
32
44
55
54
47
42
38
42
37
37
28
17
13
12
8
9
4
-7
-15
-26
-37
-39
-45
-47
-47
-43
-38
-39
-30
-31
-23
-8
-5
-15
2
-1
10
17
22
28
32
40
52
55
45
49
37
41
37
25
17
14
17
14
11
1
-7
-15
-23
-37
-36
-39
-47
-40
-43
-42
-39
-30
-30
-20
-19
-14
-12
-6
-6
1
8
25
24
41
43
45
55
53
47
41
42
35
34
32
12
13
13
7
5
-1
-7
-14
-27
-30
-36
-47
-46
-43
-43
-39
-30
-34
-30
-23
-17
-6
-9
-3
-5
3
10
25
29
34
44
45
46
48
49
47
34
32
29
25
22
14
11
2
2
0
-12
-22
-22
-34
-38
-40
-51
-43
-42
-39
-33
-35
-29
-28
-17
-7
-6
-13
-2
8
10
25
24
30
45
47
41
50
49
40
41
36
33
24
22
11
14
9
5
-7
-7
-15
-22
-32
-35
-43
-53
-44
-40
-47
-39
-35
-27
-26
-18
-14
-16
-7
-5
4
19
18
32
35
48
50
45
47
49
46
38
39
31
26
17
14
7
3
6
1
-10
-10
-24
-31
-38
-37
-39
-43
-41
-37
-37
-30
-32
-23
-16
-16
-9
-8
1
3
14
20
33
32
40
46
51
49
49
52
38
36
37
30
28
19
18
5
1
2
-4
-13
-18
-27
-33
-44
-37
-52
-44
-39
-37
-33
-30
-31
-20
-25
-19
-15
-11
-7
1
10
18
34
34
41
46
54
51
52
43
38
41
30
22
17
17
13
13
5
-2
-7
-12
-30
-35
-39
-42
-51
-46
-46
-39
-35
-32
-27
-23
-12
-13
-14
0
-11
2
11
20
31
40
45
48
50
46
50
37
37
38
34
19
17
13
6
6
5
-9
-10
-23
-30
-32
-42
-44
-45
-39
-47
-34
-34
-36
-19
-23
-16
-15
-10
-5
2
6
20
27
38
37
42
45
48
42
38
43
35
34
33
22
9
18
8
3
0
-2
-10
-25
-27
-35
-42
-43
-37
-45
-41
-37
-34
-27
-27
-14
-14
-14
-7
1
-2
13
19
25
41
48
46
55
53
52
45
33
42
28
27
19
9
10
9
9
-9
-15
-21
-28
-30
-37
-43
-45
-40
-41
-34
-35
-28
-32
-25
-8
-15
-14
-2
-5
-3
20
18
36
37
39
49
55
43
41
38
45
28
31
27
17
8
13
6
8
2
-12
-19
-29
-36
-39
-45
-40
-41
-36
-39
-38
-32
-31
-23
-15
-10
-5
-12
4
6
8
26
32
31
40
51
50
55
44
39
42
31
33
20
18
17
13
12
5
1
-11
-11
-20
-30
-36
-35
-43
-41
-43
-39
-31
-27
-33
-25
-13
-15
-16
-13
-4
2
13
17
18
33
40
40
46
50
43
42
49
34
40
33
20
26
17
8
6
-4
-5
-19
-20
-27
-32
-39
-46
-47
-44
-39
-39
-34
-35
-32
-22
-13
-11
-11
-6
-5
2
17
20
29
37
38
45
47
48
45
37
40
40
37
26
16
17
18
9
2
-3
-8
-12
-22
-31
-38
-45
-43
-42
-44
-40
-31
-30
-25
-23
-20
-11
-16
-8
-2
8
14
20
30
41
44
44
53
41
37
41
37
33
33
27
17
19
11
9
3
-3
-12
-24
-20
-26
-38
-41
-41
-40
-38
-34
-36
-35
-34
-23
-19
-15
-9
-9
7
4
17
19
29
32
34
44
49
46
40
37
37
33
30
19
18
9
14
4
3
-10
-7
-19
-23
-34
-39
-51
-46
-42
-36
-33
-33
-29
-28
-15
-18
-13
-5
-7
3
11
20
27
34
35
41
45
41
47
41
41
37
37
33
21
11
9
13
6
-1
-6
-17
-19
-34
-32
-35
-47
-48
-39
-40
-36
-35
-28
-23
-20
-14
-12
-7
-3
3
11
17
21
40
35
54
54
46
50
40
38
41
35
24
22
21
18
14
4
-6
-6
-17
-16
-31
-35
-36
-48
-46
-42
-38
-34
-36
-29
-29
-20
-15
-14
-12
-3
9
10
16
31
34
42
39
41
41
38
45
33
34
37
28
17
11
11
12
1
-4
-6
-14
-21
-30
-35
-45
-42
-47
-46
-32
-36
-34
-33
-32
-11
-10
-13
-2
5
2
14
18
27
33
34
42
45
45
44
41
43
33
32
25
25
17
18
13
2
0
-8
-11
-27
-26
-27
-35
-46
-50
-44
-38
-39
-39
-25
-24
-16
-12
-15
-10
-6
2
2
9
30
33
41
41
49
50
47
43
37
42
31
34
22
21
17
13
7
3
-3
-14
-18
-26
-31
-30
-42
-45
-41
-41
-38
-34
-38
-35
-30
-21
-15
-2
-10
-1
1
9
23
25
34
37
44
49
49
38
45
45
33
28
25
22
18
9
13
5
3
-7
-13
-15
-31
-39
-44
-41
-41
-39
-44
-36
-32
-32
-25
-16
-8
-10
-6
1
2
13
18
26
30
37
42
43
48
48
43
37
29
28
23
22
15
14
12
5
1
-7
-19
-25
-32
-34
-45
-42
-46
-42
-42
-44
-27
-31
-22
-19
-10
-14
-6
-6
5
18
21
34
33
41
46
39
42
38
42
34
34
32
21
25
17
9
2
3
-8
-11
-19
-29
-32
-34
-46
-43
-42
-39
-34
-34
-36
-23
-25
-19
-9
-9
2
3
16
12
19
25
41
45
46
52
48
36
34
42
36
33
17
18
12
17
-5
4
-5
-14
-23
-28
-33
-39
-49
-44
-38
-37
-34
-31
-23
-25
-19
-20
-15
-12
-2
5
12
19
25
36
41
37
49
41
42
37
45
33
34
30
17
17
16
9
10
0
-6
-14
-26
-29
-30
-40
-42
-38
-39
-39
-39
-40
-29
-21
-18
-7
-13
-10
-6
5
13
20
28
34
44
49
51
50
46
32
37
38
29
21
18
13
9
12
7
1
-7
-13
-18
-23
-36
-35
-44
-43
-41
-39
-38
-28
-23
-31
-27
-15
-14
-5
-2
-4
8
9
20
30
36
39
43
46
41
37
37
28
28
29
28
23
10
13
11
4
-4
-10
-21
-22
-31
-36
-40
-40
-42
-46
-35
-37
-31
-29
-19
-17
-12
-6
-10
0
5
12
20
29
29
45
41
47
51
45
44
40
41
37
20
17
11
12
12
10
-2
-8
-16
-31
-26
-31
-35
-41
-38
-35
-31
-31
-31
-32
-26
-15
-11
-13
-12
2
6
16
19
29
33
41
48
46
43
37
39
44
36
35
23
15
12
11
15
3
-2
-10
-13
-16
-22
-34
-38
-46
-36
-38
-37
-38
-37
-28
-23
-20
-12
-13
-10
-5
5
9
23
24
40
37
50
49
46
43
36
37
35
33
19
21
19
9
10
-3
-2
-12
-26
-26
-39
-33
-41
-38
-39
-33
-30
-29
-39
-28
-18
-11
-18
-12
-10
2
12
19
29
29
34
46
45
54
39
41
38
36
37
30
22
22
17
5
2
1
-11
-13
-23
-32
-33
-33
-45
-43
-37
-37
-30
-38
-27
-22
-23
-12
-11
-4
-5
-3
8
20
20
35
38
49
53
41
41
40
40
33
28
28
22
13
5
6
6
1
-15
-18
-27
-22
-34
-39
-34
-34
-45
-37
-37
-31
-33
-30
-23
-10
-3
-7
-5
10
14
11
24
29
41
44
45
45
44
36
43
33
33
27
18
15
12
8
8
-2
-12
-18
-29
-28
-29
-42
-37
-40
-45
-31
-36
-33
-27
-24
-15
-14
-13
-6
-7
4
13
16
21
33
39
36
44
52
42
40
39
31
37
29
22
21
9
13
1
5
-2
-15
-19
-27
-26
-38
-52
-43
-39
-35
-33
-35
-35
-29
-22
-13
-12
-11
-3
-5
6
17
17
22
34
43
43
43
42
52
45
34
34
29
29
21
18
17
5
10
-2
-11
-17
-24
-33
-34
-39
-38
-40
-40
-38
-34
-34
-27
-19
-16
-11
-17
-15
-3
-3
9
15
25
33
41
49
52
46
37
38
44
41
38
33
19
19
10
5
1
-8
-8
-11
-23
-27
-43
-36
-39
-43
-39
-36
-37
-31
-26
-23
-16
-7
-6
-15
5
-3
5
14
20
33
38
42
44
44
48
41
38
30
33
33
20
12
9
5
5
1
-3
-11
-23
-31
-34
-41
-52
-42
-37
-35
-31
-34
-28
-23
-18
-11
-12
-2
1
4
11
21
28
34
40
45
48
42
39
35
37
33
26
28
22
11
9
6
-3
-2
-16
-20
-22
-36
-35
-38
-40
-44
-35
-39
-36
-30
-24
-22
-16
-12
-7
-7
-3
8
21
20
28
37
40
49
50
44
41
41
33
28
23
25
16
17
16
7
-4
-6
-10
-17
-23
-35
-40
-50
-45
-38
-42
-32
-31
-27
-21
-9
-14
-7
-8
-7
1
13
20
27
34
41
40
42
48
48
34
37
38
33
26
22
12
14
10
9
0
-5
-12
-20
-23
-35
-40
-38
-39
-41
-31
-30
-30
-24
-26
-20
-13
-7
-4
4
5
9
24
33
37
33
45
50
44
49
33
41
31
35
25
18
15
15
11
2
-1
-10
-10
-23
-27
-38
-44
-41
-42
-39
-32
-32
-31
-30
-22
-15
-15
-15
-3
-6
5
6
19
20
29
36
47
44
41
43
45
40
34
31
26
22
20
17
9
9
9
-1
-7
-15
-23
-31
-35
-39
-43
-36
-42
-35
-34
-33
-33
-22
-12
-15
-13
-8
4
6
9
14
17
36
38
37
38
38
39
44
41
34
28
22
15
18
17
15
3
-3
-13
-9
-15
-27
-34
-46
-40
-39
-38
-39
-38
-34
-33
-25
-23
-14
-12
-7
-2
10
15
14
17
35
34
48
49
49
38
38
41
32
35
33
22
7
8
14
9
3
-8
-18
-20
-31
-28
-45
-47
-38
-40
-35
-38
-27
-26
-26
-19
-8
-7
-4
1
9
9
24
27
37
36
41
42
49
41
39
40
33
33
23
19
17
12
3
5
1
-7
-13
-27
-34
-39
-44
-44
-37
-37
-30
-31
-30
-31
-23
-20
-8
-6
-3
9
5
13
21
30
30
33
50
43
48
41
44
31
35
34
30
16
12
2
8
6
-6
-10
-28
-27
-31
-34
-38
-37
-39
-35
-31
-33
-30
-30
-14
-14
-19
2
-3
0
6
23
28
36
36
45
44
50
44
45
40
38
22
29
14
14
10
12
5
1
-6
-14
-21
-31
-30
-32
-39
-40
-40
-40
-42
-31
-26
-23
-22
-16
-7
-9
1
2
9
22
23
37
41
44
46
41
49
42
34
36
25
22
15
25
14
17
6
1
-6
-15
-26
-25
-26
-38
-44
-38
-39
-38
-31
-33
-30
-24
-19
-5
-8
-2
2
3
17
25
26
27
36
41
52
50
40
41
44
39
28
28
17
14
16
9
10
0
-5
-13
-19
-20
-30
-35
-40
-41
-41
-37
-34
-34
-34
-33
-28
-22
-13
-5
-7
-4
2
16
14
23
29
41
38
49
49
41
38
32
41
38
29
24
14
11
9
5
-7
-9
-11
-23
-26
-26
-39
-43
-42
-41
-37
-43
-34
-26
-31
-20
-14
-7
-7
-7
9
6
17
24
33
38
44
49
50
47
37
30
41
26
25
17
14
15
5
1
2
-5
-14
-24
-28
-36
-42
-38
-38
-38
-33
-37
-31
-32
-27
-20
-14
-12
-7
-6
2
8
19
18
33
36
41
41
41
42
43
44
33
28
30
23
17
18
5
12
-11
-7
-14
-23
-26
-32
-41
-36
-46
-39
-38
-33
-35
-23
-28
-16
-10
-16
-6
2
8
13
24
28
37
45
43
50
44
34
36
41
34
27
23
16
10
8
4
2
-11
-10
-20
-30
-26
-34
-35
-34
-35
-36
-38
-39
-37
-31
-21
-18
-16
-4
-10
-5
9
25
26
33
38
37
54
38
45
36
37
35
34
22
20
9
12
6
9
2
-9
-13
-19
-26
-32
-38
-40
-39
-38
-33
-37
-32
-29
-20
-15
-14
-6
-5
0
-3
9
20
29
33
40
41
49
45
41
35
38
41
35
33
21
13
14
11
9
-1
-6
-12
-23
-31
-31
-42
-46
-42
-39
-34
-34
-32
-23
-21
-18
-7
-4
-1
-8
-2
13
19
23
33
42
42
52
49
35
41
41
33
31
30
26
21
19
11
9
1
-12
-11
-14
-31
-35
-35
-39
-37
-39
-39
-34
-30
-30
-24
-15
-18
-14
-6
-4
2
10
17
25
29
38
42
50
44
43
48
34
40
34
28
25
15
22
13
12
5
1
-8
-16
-28
-22
-35
-39
-40
-45
-38
-31
-37
-31
-31
-22
-21
-10
-11
-9
-8
5
6
17
27
33
38
48
44
41
38
36
37
34
41
20
27
14
13
9
7
3
1
-14
-24
-26
-30
-39
-47
-39
-40
-38
-37
-25
-26
-21
-21
-18
-10
-6
1
6
12
19
25
30
41
33
38
40
38
41
31
35
30
29
17
17
10
8
1
5
-6
-14
-19
-25
-31
-39
-38
-41
-33
-34
-30
-35
-30
-23
-16
-13
-7
-10
-1
1
5
17
27
33
42
39
36
41
37
44
37
26
27
23
17
17
14
3
4
-12
-10
-15
-23
-32
-31
-42
-41
-34
-35
-35
-36
-26
-27
-17
-17
-9
-13
1
4
13
17
26
34
38
39
41
46
50
38
37
33
30
25
20
17
21
9
9
1
-5
-15
-17
-23
-39
-41
-39
-42
-39
-35
-30
-34
-30
-18
-14
-16
-6
-13
-2
-5
10
14
25
30
42
41
42
47
46
37
30
34
36
26
29
13
10
11
5
1
-7
-15
-22
-22
-31
-36
-42
-43
-34
-46
-32
-28
-24
-23
-19
-7
-15
-6
-6
10
7
13
25
34
41
38
38
46
43
42
35
33
31
24
20
17
16
9
5
-6
-7
-11
-23
-34
-30
-37
-39
-36
-36
-30
-36
-33
-27
-26
-15
-14
-12
-2
5
1
14
17
20
35
34
37
48
43
46
48
37
37
33
22
22
19
16
12
4
2
0
-7
-18
-24
-29
-35
-47
-40
-39
-37
-29
-35
-23
-18
-16
-19
-12
-8
-2
3
8
17
15
23
34
37
49
46
43
34
36
38
27
29
26
15
9
17
12
7
0
-10
-20
-20
-28
-38
-44
-37
-43
-43
-39
-39
-31
-33
-17
-18
-15
-9
-10
-1
9
5
18
32
37
37
43
44
41
37
39
33
34
35
29
25
14
15
16
9
5
-3
-7
-23
-26
-37
-38
-37
-40
-44
-37
-30
-31
-32
-29
-23
-11
-7
-12
4
1
6
14
21
34
34
35
40
43
37
36
30
34
33
29
21
17
17
9
8
1
-7
-12
-26
-30
-36
-46
-46
-44
-38
-37
-34
-29
-31
-23
-22
-17
-14
2
1
9
14
17
32
30
35
46
47
44
43
32
33
29
29
27
20
20
16
12
5
-1
-6
-20
-20
-28
-32
-42
-39
-39
-41
-40
-30
-33
-29
-28
-18
-9
-13
-2
-2
9
16
24
30
33
38
44
44
41
45
35
41
28
25
20
11
9
5
2
8
-5
-11
-21
-27
-33
-34
-43
-42
-36
-38
-33
-36
-29
-27
-23
-13
-4
-15
-3
-1
9
18
30
31
34
43
49
37
40
38
34
39
33
22
17
20
15
10
12
-1
-7
-11
-15
-27
-34
-37
-39
-44
-31
-34
-37
-35
-26
-23
-22
-6
-10
-3
-6
4
15
29
28
37
35
42
42
46
41
43
33
33
28
29
21
15
5
13
9
-1
-7
-10
-25
-19
-37
-31
-36
-38
-42
-36
-34
-32
-34
-22
-23
-18
-16
-6
-4
6
4
10
22
29
33
36
43
45
47
45
36
44
41
30
22
17
14
10
12
6
1
-16
-17
-22
-28
-29
-38
-37
-43
-42
-31
-31
-31
-30
-23
-14
-9
-4
-12
3
9
11
18
30
31
44
46
45
49
41
37
35
34
29
22
22
13
14
17
9
1
-5
-11
-20
-27
-36
-47
-44
-37
-34
-42
-42
-26
-32
-24
-21
-22
-11
-4
1
0
5
21
30
34
39
44
49
41
41
41
36
40
31
24
16
18
11
14
6
1
-15
-10
-26
-26
-31
-38
-43
-38
-37
-38
-28
-31
-27
-31
-24
-16
-14
-5
-2
7
18
25
28
40
39
44
41
44
41
44
39
33
24
19
10
19
5
7
-2
-5
-10
-13
-28
-35
-33
-44
-38
-39
-39
-27
-31
-27
-25
-16
-22
-15
-12
-9
0
3
17
28
33
39
45
47
43
47
33
31
28
33
27
21
15
7
9
5
-3
-3
-12
-22
-31
-34
-38
-47
-38
-34
-37
-38
-31
-22
-31
-14
-9
-9
-4
-7
-4
8
19
17
33
36
37
44
47
36
37
45
33
37
30
10
12
14
12
-3
3
-6
-14
-20
-25
-27
-38
-43
-35
-37
-28
-35
-26
-27
-22
-25
-16
-19
-12
-4
4
9
16
24
28
37
40
48
49
41
42
43
34
34
31
22
11
10
11
9
3
-4
-14
-27
-24
-32
-31
-34
-38
-40
-30
-39
-28
-28
-26
-18
-15
-11
-7
-7
1
9
15
18
27
36
42
49
50
35
41
33
41
31
33
17
11
9
15
9
-1
-2
-10
-16
-21
-29
-30
-37
-42
-36
-39
-35
-32
-30
-28
-15
-10
-15
-17
-7
-3
6
18
25
30
37
31
38
41
50
41
33
34
35
33
25
22
10
13
13
5
2
-14
-15
-24
-30
-35
-42
-41
-37
-36
-36
-26
-37
-31
-23
-15
-12
-11
-8
-6
5
9
21
23
27
35
33
49
42
34
43
38
36
35
28
28
17
11
7
1
3
-7
-11
-21
-31
-31
-38
-41
-38
-42
-38
-39
-39
-35
-25
-19
-17
-14
-2
0
5
10
15
29
33
33
41
43
36
38
35
36
31
40
22
18
17
9
6
5
-5
-3
-18
-25
-35
-40
-38
-44
-38
-40
-34
-27
-36
-34
-26
-15
-16
-7
-10
1
9
15
17
26
34
42
41
42
42
41
36
33
41
36
29
12
17
10
5
-6
-7
-14
-14
-27
-35
-35
-39
-38
-40
-38
-36
-35
-37
-26
-18
-12
-8
-7
1
5
10
17
20
32
40
40
43
41
36
43
31
37
27
26
21
19
17
12
5
1
0
-8
-24
-23
-33
-42
-46
-35
-38
-31
-30
-39
-33
-27
-15
-8
-14
-2
5
9
5
21
25
32
40
34
37
48
41
34
35
38
26
29
17
12
9
5
-1
-3
-3
-14
-15
-36
-26
-40
-37
-41
-39
-42
-31
-28
-27
-29
-13
-15
-8
-8
2
9
5
17
30
34
33
44
44
40
44
34
37
34
33
20
20
19
19
17
5
3
-7
-19
-18
-26
-36
-39
-39
-36
-38
-39
-40
-33
-29
-22
-21
-10
-5
-7
-6
-6
14
14
25
29
27
38
41
41
38
33
36
41
34
26
19
17
13
12
1
8
-1
-8
-15
-26
-28
-35
-46
-39
-35
-38
-36
-31
-31
-26
-21
-27
-14
-15
-7
-6
10
6
21
31
33
34
42
38
40
47
43
36
38
35
25
17
17
21
6
6
9
-3
-10
-16
-28
-36
-38
-44
-43
-34
-38
-35
-30
-35
-25
-18
-11
-5
-3
-1
2
9
18
23
30
38
36
37
34
38
44
40
30
30
26
19
13
9
8
9
1
-8
-18
-19
-25
-34
-39
-38
-39
-38
-39
-33
-27
-26
-23
-12
-13
-10
-7
-3
7
12
25
20
36
33
37
41
43
33
34
37
33
28
22
18
19
9
6
-3
8
-7
-20
-27
-26
-37
-36
-39
-39
-30
-39
-31
-34
-30
-16
-15
-14
-13
-6
1
5
13
33
27
41
32
45
44
44
36
33
32
33
31
18
17
8
6
2
2
1
-16
-15
-23
-27
-35
-44
-38
-41
-38
-29
-37
-26
-22
-22
-18
-11
-10
1
-2
9
12
29
30
41
41
43
50
40
34
34
38
29
22
18
17
18
9
2
1
-6
-12
-22
-30
-27
-38
-39
-43
-38
-37
-31
-29
-29
-30
-18
-13
-11
-9
-6
9
11
20
20
30
33
39
46
41
43
31
33
30
27
30
26
18
18
6
6
4
-7
-6
-22
-27
-30
-39
-39
-43
-34
-39
-38
-31
-27
-26
-21
-18
-12
-10
0
9
17
17
23
36
37
41
44
48
41
42
40
41
32
30
22
18
11
10
1
5
-5
-9
-19
-19
-29
-38
-38
-37
-42
-39
-35
-37
-30
-27
-16
-19
-12
-15
-6
1
9
10
24
24
36
41
36
51
42
37
44
30
34
27
23
19
17
14
13
6
-1
-5
-11
-18
-30
-35
-37
-34
-44
-41
-37
-38
-38
-30
-31
-24
-19
-17
-10
-6
1
17
19
23
32
37
40
49
44
35
42
42
46
37
22
18
25
12
13
7
5
-6
-12
-14
-27
-31
-36
-47
-39
-38
-37
-31
-28
-29
-21
-16
-12
-10
-11
-6
-2
11
20
28
21
38
39
41
42
41
41
36
34
29
33
19
10
17
6
5
1
-11
-15
-22
-30
-29
-38
-35
-41
-39
-29
-39
-26
-37
-30
-20
-9
-15
-10
6
1
16
21
29
37
37
49
51
41
43
43
40
41
30
25
15
13
16
6
1
-6
-15
-19
-24
-29
-43
-47
-42
-36
-36
-33
-33
-32
-30
-24
-19
-11
-7
-4
-2
9
17
25
30
37
46
46
49
48
42
39
40
26
25
16
10
13
6
10
2
-9
-17
-21
-23
-34
-36
-47
-34
-34
-37
-33
-36
-33
-29
-21
-13
-15
-6
-9
1
3
20
25
33
34
40
47
43
33
39
38
30
35
28
17
18
10
10
-3
-1
-8
-14
-19
-32
-36
-42
-43
-39
-41
-36
-38
-26
-30
-26
-15
-18
-19
-14
-7
3
8
20
29
34
36
47
47
42
46
41
35
29
28
25
22
14
9
10
5
5
-3
-13
-18
-23
-27
-37
-44
-38
-37
-43
-34
-30
-30
-29
-21
-23
-18
-6
-4
3
8
13
20
22
27
32
41
43
46
35
38
38
38
25
21
17
17
12
10
4
-4
-8
-18
-26
-27
-34
-39
-37
-43
-34
-34
-34
-34
-26
-19
-20
-11
-13
-12
0
6
9
22
26
31
35
47
46
46
45
37
38
27
30
25
17
12
14
13
12
-2
-10
-13
-22
-30
-31
-36
-47
-39
-35
-31
-28
-26
-26
-27
-15
-14
-9
-7
-3
9
9
19
25
28
39
34
50
42
37
37
37
41
33
19
23
19
18
8
5
-2
-6
-22
-22
-34
-35
-36
-43
-38
-35
-36
-28
-31
-33
-26
-18
-17
-11
-2
-2
3
6
17
20
33
39
47
41
47
33
35
44
31
32
22
21
19
11
10
-2
-10
-9
-19
-25
-26
-30
-44
-43
-39
-40
-34
-32
-30
-23
-17
-14
-13
-6
-8
2
3
15
28
26
37
39
47
42
41
45
38
33
27
32
30
16
9
4
13
1
-6
-11
-23
-28
-35
-36
-39
-44
-45
-43
-38
-33
-23
-26
-22
-5
-10
-12
0
-4
3
13
24
28
36
40
42
37
42
38
36
35
31
33
26
22
15
20
10
-2
-12
-15
-23
-23
-31
-39
-40
-40
-45
-41
-37
-39
-35
-30
-14
-7
-12
-12
-3
7
10
20
22
28
33
41
41
47
33
38
38
29
28
30
21
15
17
6
5
6
-5
-8
-19
-30
-34
-38
-30
-41
-38
-39
-31
-31
-31
-23
-20
-12
-12
-2
0
5
6
21
28
34
36
37
37
46
46
30
33
31
30
29
20
22
17
13
1
4
-7
-12
-19
-25
-31
-34
-42
-39
-41
-40
-37
-30
-29
-23
-23
-13
-10
-13
-2
5
11
9
17
34
33
33
43
37
38
41
36
41
33
25
23
17
11
5
12
-3
1
-3
-18
-27
-27
-36
-39
-37
-38
-39
-38
-34
-31
-35
-21
-21
-15
-7
-7
-1
-2
5
15
34
31
43
41
35
38
34
36
33
33
30
25
26
17
9
13
9
9
-10
-14
-18
-23
-31
-36
-42
-43
-41
-44
-38
-32
-24
-21
-21
-14
-8
-7
0
0
9
21
18
25
34
38
44
49
42
32
33
30
33
18
17
10
9
9
10
2
-14
-12
-20
-29
-40
-35
-35
-44
-39
-36
-31
-28
-26
-20
-22
-16
-11
-10
-5
9
17
15
27
33
36
37
50
36
43
37
34
33
30
18
18
11
4
5
1
-4
-11
-20
-26
-31
-31
-39
-39
-34
-37
-36
-35
-29
-21
-15
-19
-12
-9
-7
7
9
21
24
27
35
37
43
43
41
34
35
30
30
31
19
10
16
17
7
5
-5
-15
-22
-22
-29
-37
-32
-39
-42
-34
-36
-35
-23
-18
-19
-12
-6
-12
-3
-1
6
12
19
33
38
36
47
43
38
41
43
34
30
22
24
8
14
11
9
0
-5
-13
-19
-31
-35
-35
-48
-39
-36
-36
-39
-34
-23
-22
-13
-15
-15
-7
-1
2
15
17
24
25
41
34
40
45
44
41
31
38
36
21
20
12
9
5
9
6
-2
-10
-17
-22
-29
-27
-42
-35
-38
-40
-34
-33
-28
-29
-16
-22
-7
-7
2
2
9
18
21
34
30
37
48
42
45
47
33
33
33
25
20
22
14
14
9
10
-3
-8
-15
-23
-22
-36
-42
-34
-39
-38
-37
-33
-27
-27
-15
-29
-11
-18
-2
1
-3
7
22
25
36
38
36
46
41
43
42
41
31
26
25
17
15
9
12
2
2
-9
-11
-19
-30
-29
-35
-42
-36
-38
-36
-33
-37
-37
-27
-22
-13
-5
-13
-6
-2
11
20
26
25
35
46
46
35
41
42
37
37
31
25
23
18
16
11
-2
-6
0
-7
-25
-29
-36
-38
-41
-35
-36
-39
-27
-31
-28
-24
-21
-20
-19
-7
1
9
12
15
24
39
36
46
41
46
43
41
38
32
25
19
17
9
9
6
2
-3
-6
-13
-29
-26
-29
-41
-39
-37
-39
-36
-30
-35
-21
-15
-10
-10
-11
-8
-3
5
17
25
30
35
33
45
46
42
35
38
33
34
30
17
16
9
9
8
2
-1
-13
-17
-27
-35
-35
-41
-36
-27
-30
-35
-38
-28
-23
-22
-16
-6
-11
-8
0
8
11
27
25
35
37
45
45
39
37
33
30
36
25
16
17
10
16
7
2
-3
-15
-19
-30
-31
-38
-38
-32
-38
-35
-32
-34
-26
-24
-20
-20
-15
-10
2
2
5
22
28
34
34
40
46
41
41
38
41
28
28
25
25
12
12
6
9
2
-6
-13
-17
-26
-31
-39
-42
-35
-39
-39
-42
-30
-33
-26
-23
-10
-12
-13
-5
-2
10
17
21
25
36
42
41
47
39
42
34
34
32
27
26
19
16
5
6
6
-2
-12
-20
-28
-32
-29
-36
-38
-35
-29
-35
-37
-24
-20
-20
-15
-10
-13
-7
1
10
21
25
25
35
45
42
42
44
46
37
40
35
29
20
20
14
7
17
8
-2
-12
-19
-23
-27
-29
-34
-46
-42
-32
-34
-31
-29
-27
-30
-19
-11
-3
-10
-3
5
10
14
27
36
37
44
41
41
44
34
40
36
34
25
19
17
13
13
9
-3
-13
-10
-21
-27
-30
-33
-43
-39
-42
-39
-37
-37
-27
-26
-17
-14
-7
-11
1
5
7
12
22
28
37
38
41
41
36
45
33
32
36
29
25
18
15
2
0
-2
-2
-17
-22
-28
-36
-40
-36
-39
-37
-34
-30
-33
-30
-24
-14
-8
-13
-11
-3
0
11
17
27
31
37
49
43
44
45
37
39
28
29
27
23
11
7
12
-2
-3
-13
-10
-19
-31
-31
-34
-36
-34
-39
-28
-30
-31
-27
-21
-22
-6
-12
-11
5
1
13
22
33
33
44
44
41
34
37
40
29
37
28
24
22
13
9
3
-4
-11
-7
-20
-26
-36
-33
-38
-42
-38
-41
-33
-33
-38
-27
-26
-16
-9
-14
-5
-1
13
19
27
32
39
40
47
37
43
44
37
31
30
33
17
12
6
11
9
4
-5
-10
-20
-27
-38
-38
-39
-38
-41
-36
-35
-33
-26
-27
-18
-7
-11
-2
-7
-1
8
22
29
30
40
47
49
38
43
40
40
36
34
33
26
18
22
14
8
2
-8
-7
-18
-22
-31
-39
-44
-39
-36
-39
-34
-31
-33
-26
-19
-14
-15
-13
-6
1
12
15
18
29
42
38
45
45
47
40
33
34
34
23
29
12
14
5
13
2
-2
-5
-9
-29
-34
-38
-45
-44
-39
-35
-39
-32
-29
-22
-24
-15
-17
-3
-3
-7
-2
5
14
20
36
30
45
43
40
37
34
42
38
34
30
25
24
18
12
9
1
-7
-19
-18
-31
-34
-34
-42
-38
-38
-32
-36
-30
-24
-19
-19
-15
-6
-8
-8
0
8
22
27
30
37
42
44
36
35
41
37
29
33
23
27
25
16
4
3
-3
-6
-14
-21
-23
-31
-39
-39
-39
-39
-36
-36
-27
-30
-18
-18
-19
-10
-4
-8
4
6
19
28
28
39
45
47
48
33
38
33
33
29
21
18
9
16
11
-7
2
-2
-17
-23
-33
-29
-38
-36
-39
-37
-34
-32
-23
-28
-20
-15
-10
-3
-4
9
10
15
25
29
38
39
49
43
37
33
31
35
29
28
20
19
9
5
12
5
-1
-12
-17
-23
-27
-38
-38
-36
-39
-36
-35
-32
-26
-27
-18
-20
-10
-6
-2
4
17
14
27
24
36
41
45
38
40
41
31
26
27
28
18
11
21
10
2
1
-2
-15
-24
-27
-27
-34
-36
-42
-42
-42
-38
-36
-30
-25
-25
-15
-14
-5
-3
1
11
17
24
34
37
43
39
44
44
34
40
37
30
30
25
19
7
3
14
1
-5
-13
-20
-22
-31
-32
-46
-38
-42
-34
-37
-34
-34
-28
-27
-11
-10
-8
-7
-8
13
25
26
33
37
39
49
49
41
33
34
33
32
25
19
13
9
13
11
5
1
-9
-12
-22
-27
-31
-40
-39
-38
-42
-33
-29
-27
-32
-22
-20
-15
-15
-5
7
10
7
19
26
31
33
42
40
48
37
39
36
36
26
22
17
11
9
17
13
-1
-8
-11
-21
-23
-32
-33
-39
-36
-38
-38
-32
-36
-28
-21
-23
-17
-19
-15
-4
10
2
22
28
33
35
34
43
41
40
33
33
37
30
25
25
20
14
10
9
-4
-7
-7
-17
-23
-27
-35
-39
-39
-42
-36
-39
-30
-26
-29
-13
-18
-15
-10
-8
5
14
12
15
35
36
37
40
42
43
38
35
37
28
26
18
14
17
15
6
-2
-7
-7
-17
-26
-30
-38
-31
-38
-33
-35
-33
-34
-27
-28
-18
-17
-2
-4
-2
1
14
16
22
31
36
38
50
37
33
37
31
37
26
20
19
17
10
6
1
-5
-12
-16
-23
-23
-38
-36
-39
-35
-42
-33
-27
-33
-25
-16
-19
-17
-14
-13
4
5
21
25
32
33
34
42
43
40
39
31
39
33
25
24
10
7
7
1
5
-7
-15
-21
-28
-31
-37
-39
-38
-35
-33
-31
-30
-35
-25
-23
-14
-13
-5
-2
5
4
18
27
30
37
41
49
41
37
36
38
26
33
24
25
13
17
5
10
1
-4
-10
-23
-23
-31
-38
-35
-31
-37
-31
-36
-29
-31
-31
-12
-13
-12
-9
1
1
7
20
24
28
37
37
53
45
39
41
39
37
35
33
26
13
13
6
9
5
-4
-14
-21
-22
-31
-31
-45
-43
-39
-38
-33
-37
-32
-24
-12
-21
-16
-16
0
7
8
13
19
20
31
36
40
43
43
39
41
35
38
22
29
24
9
20
3
9
-5
-10
-14
-22
-29
-30
-34
-38
-34
-32
-34
-35
-34
-26
-26
-15
-7
-5
-2
-8
7
11
20
21
30
33
45
46
45
40
38
30
26
28
21
21
13
12
12
5
5
-2
-18
-19
-24
-39
-30
-39
-42
-31
-36
-38
-30
-25
-23
-19
-9
-13
-11
0
9
13
16
24
34
34
46
44
38
37
43
33
38
34
26
18
17
12
9
7
-3
-6
-15
-23
-26
-37
-36
-46
-37
-31
-31
-34
-31
-29
-20
-18
-10
-7
-7
-3
1
5
19
28
34
32
45
45
41
39
39
36
30
31
21
19
9
13
12
5
-4
-19
-11
-20
-27
-39
-41
-41
-38
-35
-35
-30
-27
-24
-17
-8
-15
-13
4
2
9
16
23
30
33
43
37
39
36
36
33
28
28
22
27
16
19
3
9
3
-7
-11
-15
-22
-29
-34
-41
-39
-40
-35
-27
-38
-28
-23
-20
-9
-10
-8
1
4
10
13
26
25
35
45
48
42
46
33
33
31
30
27
21
12
15
6
5
1
-6
-14
-18
-28
-36
-32
-42
-39
-40
-36
-30
-34
-30
-24
-19
-8
-15
-15
-3
1
5
9
19
25
34
42
46
41
39
41
41
37
33
29
15
18
10
17
6
1
-7
-15
-19
-27
-27
-33
-36
-37
-31
-39
-28
-30
-32
-24
-18
-15
-7
-16
-12
1
11
17
22
30
32
41
41
42
42
41
37
38
31
26
24
13
18
13
13
7
-7
-13
-18
-24
-39
-34
-36
-39
-41
-37
-35
-27
-31
-27
-20
-7
-13
-3
-2
7
10
14
26
27
32
37
35
39
39
41
42
43
30
23
23
22
17
7
10
3
-2
-4
-13
-21
-25
-31
-39
-47
-38
-39
-42
-34
-31
-34
-22
-21
-8
-9
-8
-3
1
10
21
24
33
33
41
46
37
38
36
37
29
31
29
26
14
7
14
9
1
-10
-7
-21
-31
-27
-39
-41
-39
-35
-28
-42
-38
-32
-26
-24
-18
-15
-8
-2
2
18
17
25
30
33
38
45
45
44
29
33
31
26
29
22
13
11
9
7
-5
-5
-14
-18
-32
-38
-31
-46
-38
-37
-32
-33
-28
-26
-24
-14
-11
-5
2
-3
13
5
12
20
30
35
38
37
43
38
32
34
34
25
21
20
13
12
5
1
-3
-8
-17
-24
-30
-35
-41
-39
-40
-35
-32
-35
-35
-26
-14
-14
-20
-11
0
6
6
11
14
22
41
36
35
43
40
42
33
33
28
22
16
11
9
10
5
8
-5
-11
-15
-23
-32
-39
-39
-35
-31
-37
-33
-36
-28
-23
-25
-18
-16
-6
2
6
4
23
27
39
37
45
41
37
44
39
31
31
35
24
30
17
9
18
5
2
-5
-18
-20
-23
-31
-36
-29
-41
-34
-34
-36
-33
-31
-27
-20
-10
-7
-9
1
1
7
17
20
30
33
36
46
40
30
43
30
41
32
27
27
18
4
7
10
1
-8
-14
-19
-23
-31
-34
-44
-43
-43
-31
-35
-31
-32
-25
-21
-19
-17
-13
-6
-2
6
13
16
25
37
41
35
46
49
42
47
32
39
27
21
19
12
8
4
-3
-2
-7
-17
-23
-26
-31
-35
-39
-45
-39
-37
-31
-35
-31
-27
-19
-13
-20
-7
-7
5
6
20
30
33
34
43
47
34
44
41
33
33
33
23
26
15
17
12
6
-5
-4
-14
-19
-29
-34
-43
-42
-38
-41
-32
-38
-38
-30
-22
-23
-15
-7
-11
-1
1
2
17
19
32
39
39
38
45
42
36
36
34
27
28
19
16
5
13
10
6
-7
-13
-23
-23
-29
-37
-36
-41
-36
-31
-31
-32
-26
-30
-19
-15
-15
-10
1
2
12
21
29
25
33
39
43
41
41
38
28
35
37
26
20
11
13
5
1
1
-11
-12
-22
-35
-35
-32
-38
-40
-33
-33
-29
-35
-31
-26
-23
-13
-10
-9
-1
2
22
15
34
29
41
45
41
41
41
34
38
30
33
20
14

